n: 100
mean: 0.21387960000000003
standard deviation: 0.01112036266045312
variance: 0.0001236624657
max: 0.260846
min: 0.208413
