n: 100
mean: 0.24616988000000004
standard deviation: 0.01646718710726273
variance: 0.00027116825122559996
max: 0.312842
min: 0.238202
