n: 100
mean: 0.30492978
standard deviation: 0.003210899944190103
variance: 1.0309878451600008e-05
max: 0.332677
min: 0.303177
