n: 100
mean: 0.35576019999999986
standard deviation: 0.011117071337362193
variance: 0.00012358927512000004
max: 0.435217
min: 0.352305
