n: 100
mean: 0.21444955999999998
standard deviation: 0.001430708700749387
variance: 2.046927386399999e-06
max: 0.225212
min: 0.212939
