n: 100
mean: 0.30480008999999997
standard deviation: 0.0013317298231623385
variance: 1.7735043218999932e-06
max: 0.312534
min: 0.303302
