n: 100
mean: 0.36756855999999993
standard deviation: 0.0021302769834929923
variance: 4.538080026400002e-06
max: 0.3814
min: 0.364731
