n: 100
mean: 0.31158500000000006
standard deviation: 0.019517079718543964
variance: 0.0003809164007400001
max: 0.421337
min: 0.303249
