n: 100
mean: 0.24852828000000005
standard deviation: 0.0012745036373427896
variance: 1.6243595216000012e-06
max: 0.256313
min: 0.2466
