n: 100
mean: 0.21026347
standard deviation: 0.0012367091691663
variance: 1.5294495691000001e-06
max: 0.214729
min: 0.208413
