n: 100
mean: 0.30499752
standard deviation: 0.0013904883996639452
variance: 1.9334579895999993e-06
max: 0.312466
min: 0.30315
