n: 100
mean: 0.21463911000000002
standard deviation: 0.003221177250307719
variance: 1.0375982877899998e-05
max: 0.233618
min: 0.212815
