n: 100
mean: 0.21415984999999998
standard deviation: 0.0011545605603431978
variance: 1.3330100874999991e-06
max: 0.220948
min: 0.212768
