n: 100
mean: 0.30529197
standard deviation: 0.0014714622418193417
variance: 2.1652011291000026e-06
max: 0.314164
min: 0.303253
