n: 100
mean: 0.30509922999999994
standard deviation: 0.0012376689771905903
variance: 1.5318244971000021e-06
max: 0.312665
min: 0.30322
