n: 100
mean: 0.20989493
standard deviation: 0.0011000757997065467
variance: 1.210166765099998e-06
max: 0.214166
min: 0.208372
