n: 100
mean: 0.32667964000000005
standard deviation: 0.0012034140893308514
variance: 1.4482054704000025e-06
max: 0.332434
min: 0.325624
