n: 100
mean: 0.21435095999999998
standard deviation: 0.0009920188699818163
variance: 9.841014383999996e-07
max: 0.220623
min: 0.213114
