n: 100
mean: 0.21059227999999997
standard deviation: 0.0015237528741892502
variance: 2.321822821600001e-06
max: 0.219577
min: 0.208655
