n: 100
mean: 0.30631263999999997
standard deviation: 0.00248868890992828
variance: 6.1935724904000116e-06
max: 0.320518
min: 0.304235
