n: 100
mean: 0.24896891000000004
standard deviation: 0.014916269832029056
variance: 0.0002224951057019001
max: 0.300314
min: 0.240803
