n: 100
mean: 0.36444277999999997
standard deviation: 0.002562607951209081
variance: 6.566959511600002e-06
max: 0.376124
min: 0.36187
