n: 100
mean: 0.21474690000000002
standard deviation: 0.001413149266708935
variance: 1.9969908500000006e-06
max: 0.224626
min: 0.213152
