n: 100
mean: 0.30602013
standard deviation: 0.002498399410242488
variance: 6.241999613100012e-06
max: 0.321919
min: 0.304015
