n: 100
mean: 0.24361543000000002
standard deviation: 0.001533904679274433
variance: 2.352863565100001e-06
max: 0.251597
min: 0.241682
