n: 100
mean: 0.30557009
standard deviation: 0.0016437569473313261
variance: 2.7019369019e-06
max: 0.314437
min: 0.303359
