n: 100
mean: 0.21602322999999998
standard deviation: 0.0015421743277269269
variance: 2.3783016570999987e-06
max: 0.226298
min: 0.214283
