n: 100
mean: 0.3053654
standard deviation: 0.002837705960807075
variance: 8.052575120000003e-06
max: 0.329376
min: 0.303188
