n: 100
mean: 0.3726142999999999
standard deviation: 0.021663550709659765
variance: 0.0004693094293500001
max: 0.496709
min: 0.363706
