n: 100
mean: 0.2101597
standard deviation: 0.0020471827153432107
variance: 4.1909570700000005e-06
max: 0.221155
min: 0.208504
