n: 100
mean: 0.3512358199999999
standard deviation: 0.021572743043192257
variance: 0.00046538324240759995
max: 0.487149
min: 0.342111
