n: 100
mean: 0.21088189999999998
standard deviation: 0.001557481277576073
variance: 2.4257479299999965e-06
max: 0.220158
min: 0.208565
