n: 100
mean: 0.21407295999999995
standard deviation: 0.0010365342630130464
variance: 1.0744032783999995e-06
max: 0.21795
min: 0.212788
