n: 100
mean: 0.3057325899999999
standard deviation: 0.0053411215397049325
variance: 2.8527579301899985e-05
max: 0.348483
min: 0.303295
