n: 100
mean: 0.31143576999999995
standard deviation: 0.017078618856251226
variance: 0.0002916792220371
max: 0.377474
min: 0.303162
