n: 100
mean: 0.2265741
standard deviation: 0.001807094648877032
variance: 3.2655910700000035e-06
max: 0.239564
min: 0.225151
