n: 20
mean: 0.22403974999999998
standard deviation: 0.003722165873184592
variance: 1.3854518787500016e-05
max: 0.233017
min: 0.219956
