n: 20
mean: 0.36768444999999994
standard deviation: 0.02115596417437645
variance: 0.0004475748201474999
max: 0.437948
min: 0.35035
