n: 20
mean: 0.30476965
standard deviation: 0.004992197985607142
variance: 2.4922040727500006e-05
max: 0.320824
min: 0.300979
