n: 20
mean: 0.3016690000000001
standard deviation: 0.0058731391776459686
variance: 3.449376379999996e-05
max: 0.323385
min: 0.295878
