n: 20
mean: 0.22698294999999996
standard deviation: 0.013788972777096198
variance: 0.00019013577024750005
max: 0.28586
min: 0.214186
