n: 100
mean: 0.30498675
standard deviation: 0.0022159593830889603
variance: 4.9104759875000045e-06
max: 0.322288
min: 0.303153
