n: 100
mean: 0.23949949
standard deviation: 0.0015184790712749372
variance: 2.305778689899996e-06
max: 0.244059
min: 0.237455
