n: 100
mean: 0.21012272999999998
standard deviation: 0.0013320100889632931
variance: 1.7742508771e-06
max: 0.216853
min: 0.208493
