n: 100
mean: 0.21459518
standard deviation: 0.0019669500318005044
variance: 3.868892427600005e-06
max: 0.2315
min: 0.212837
