n: 100
mean: 0.35035621999999994
standard deviation: 0.0017536928954637423
variance: 3.075438771600004e-06
max: 0.362926
min: 0.348815
