n: 100
mean: 0.30482302
standard deviation: 0.0015116597499437525
variance: 2.2851151996000086e-06
max: 0.313016
min: 0.303264
