n: 100
mean: 0.30514357
standard deviation: 0.0019436082282960213
variance: 3.7776129450999985e-06
max: 0.314403
min: 0.303209
