n: 100
mean: 0.33425541000000003
standard deviation: 0.0008753892744944974
variance: 7.663063819000025e-07
max: 0.340509
min: 0.333262
