n: 100
mean: 0.21416201999999998
standard deviation: 0.0010781997122982368
variance: 1.1625146196000005e-06
max: 0.220056
min: 0.212775
