n: 100
mean: 0.30520454999999996
standard deviation: 0.0012590639807015362
variance: 1.585242107499998e-06
max: 0.309136
min: 0.303281
