n: 100
mean: 0.20963507
standard deviation: 0.0010778696883668262
variance: 1.1618030650999988e-06
max: 0.214768
min: 0.208464
