n: 100
mean: 0.22233487
standard deviation: 0.0008670114607662345
variance: 7.517088730999998e-07
max: 0.227547
min: 0.221356
