n: 100
mean: 0.21047552999999997
standard deviation: 0.0024946724212008284
variance: 6.2233904891000025e-06
max: 0.229215
min: 0.208851
