n: 100
mean: 0.30570385
standard deviation: 0.0015015550297941154
variance: 2.254667507500007e-06
max: 0.312379
min: 0.303876
