n: 100
mean: 0.21460975999999998
standard deviation: 0.0014489674193714638
variance: 2.0995065823999994e-06
max: 0.222527
min: 0.213051
