n: 100
mean: 0.30537060000000005
standard deviation: 0.0017508207846607246
variance: 3.065373419999995e-06
max: 0.313623
min: 0.303137
