n: 100
mean: 0.35147439999999996
standard deviation: 0.0026230468924516026
variance: 6.880375000000009e-06
max: 0.366217
min: 0.348747
