n: 100
mean: 0.24420524999999998
standard deviation: 0.0018100328194538364
variance: 3.276218807500004e-06
max: 0.252925
min: 0.242085
