n: 100
mean: 0.2142144
standard deviation: 0.0009742289053400124
variance: 9.491219599999988e-07
max: 0.219466
min: 0.212941
