n: 100
mean: 0.30568070999999997
standard deviation: 0.001335115817410608
variance: 1.782534245899996e-06
max: 0.312722
min: 0.303306
