n: 100
mean: 0.22707905999999997
standard deviation: 0.0011631539177598107
variance: 1.3529270363999967e-06
max: 0.234176
min: 0.2257
