n: 100
mean: 0.30510541
standard deviation: 0.001201837876712163
variance: 1.4444142819000002e-06
max: 0.310116
min: 0.303279
