n: 100
mean: 0.33498194
standard deviation: 0.0012928449158348418
variance: 1.6714479763999994e-06
max: 0.342364
min: 0.333488
