n: 100
mean: 0.21016189000000002
standard deviation: 0.0011916257457356303
variance: 1.4199719178999973e-06
max: 0.216033
min: 0.208649
