n: 100
mean: 0.34174462999999994
standard deviation: 0.0015952626031785495
variance: 2.5448627731000023e-06
max: 0.34988
min: 0.339577
