n: 100
mean: 0.3073886700000001
standard deviation: 0.005589385032461084
variance: 3.124122504109999e-05
max: 0.341041
min: 0.303701
