n: 100
mean: 0.30734296
standard deviation: 0.004663022363060251
variance: 2.1743777558400013e-05
max: 0.328917
min: 0.303532
