n: 100
mean: 0.23440318
standard deviation: 0.0016558762718270961
variance: 2.7419262276000033e-06
max: 0.241769
min: 0.232086
