n: 100
mean: 0.21134658
standard deviation: 0.0030323676959761983
variance: 9.195253843599999e-06
max: 0.2259
min: 0.208568
