n: 100
mean: 0.21501551999999996
standard deviation: 0.0015701160242478892
variance: 2.465264329599998e-06
max: 0.222582
min: 0.213181
