n: 20
mean: 0.30572605
standard deviation: 0.00358970720916066
variance: 1.2885997847500013e-05
max: 0.320104
min: 0.30323
