n: 20
mean: 0.21200879999999994
standard deviation: 0.006551215914622265
variance: 4.2918429960000036e-05
max: 0.239855
min: 0.209363
