n: 20
mean: 0.21555430000000003
standard deviation: 0.0032485817998012634
variance: 1.0553283710000014e-05
max: 0.225784
min: 0.21325
