n: 20
mean: 0.3264854
standard deviation: 0.0018327401452469996
variance: 3.3589364399999934e-06
max: 0.333584
min: 0.325144
