n: 20
mean: 0.2141044
standard deviation: 0.0012671987768302167
variance: 1.6057927399999973e-06
max: 0.218215
min: 0.212864
