n: 20
mean: 0.3064985
standard deviation: 0.0026660965755200957
variance: 7.108070949999983e-06
max: 0.312368
min: 0.303581
