n: 20
mean: 0.30626990000000004
standard deviation: 0.003456159557948677
variance: 1.1945038889999997e-05
max: 0.314228
min: 0.303609
