n: 20
mean: 0.3647083
standard deviation: 0.0021672482806545258
variance: 4.696965109999997e-06
max: 0.37284
min: 0.362538
