n: 20
mean: 0.3051687
standard deviation: 0.00245001163466626
variance: 6.002557010000038e-06
max: 0.314742
min: 0.3034
