n: 20
mean: 0.23880479999999998
standard deviation: 0.0015652065550591087
variance: 2.4498715600000028e-06
max: 0.24351
min: 0.237298
