n: 20
mean: 0.2146096
standard deviation: 0.0021455220903080926
variance: 4.603265040000007e-06
max: 0.22298
min: 0.212915
