n: 20
mean: 0.21003809999999995
standard deviation: 0.0013549902914781363
variance: 1.8359986900000044e-06
max: 0.214979
min: 0.208499
