n: 20
mean: 0.26590749999999996
standard deviation: 0.007855648964280426
variance: 6.171122065000012e-05
max: 0.280832
min: 0.256189
