n: 20
mean: 0.25419655
standard deviation: 0.024172040353422793
variance: 0.0005842875348474999
max: 0.298085
min: 0.216697
