n: 20
mean: 0.2311106
standard deviation: 0.012795489906213051
variance: 0.00016372456194000009
max: 0.259797
min: 0.213809
