n: 20
mean: 0.3783565
standard deviation: 0.01707109520944687
variance: 0.0002914222916499999
max: 0.406641
min: 0.338351
