n: 20
mean: 0.34878154999999994
standard deviation: 0.034909888777357914
variance: 0.0012187003344475002
max: 0.418232
min: 0.30206
