n: 20
mean: 0.3002828
standard deviation: 0.012782266644065912
variance: 0.00016338634056000002
max: 0.347028
min: 0.288763
