n: 100
mean: 0.34885986
standard deviation: 0.0028951889749030194
variance: 8.382119200399995e-06
max: 0.369955
min: 0.346917
