n: 100
mean: 0.30531712999999994
standard deviation: 0.0022650176628671126
variance: 5.1303050130999974e-06
max: 0.320782
min: 0.303288
