n: 100
mean: 0.23957527000000003
standard deviation: 0.016055843396629774
variance: 0.00025779010717709997
max: 0.329003
min: 0.231106
