n: 100
mean: 0.30546779
standard deviation: 0.0025182151349517384
variance: 6.3414074659000016e-06
max: 0.31911
min: 0.303278
