n: 100
mean: 0.21438763000000002
standard deviation: 0.0012883927091923485
variance: 1.6599557730999996e-06
max: 0.223917
min: 0.212792
