n: 100
mean: 0.21669094
standard deviation: 0.015488579769507597
variance: 0.0002398961032764
max: 0.296315
min: 0.208457
