n: 100
mean: 0.23019535000000002
standard deviation: 0.001138064140327775
variance: 1.2951899874999977e-06
max: 0.233459
min: 0.227922
