n: 100
mean: 0.3050908600000001
standard deviation: 0.0012484188721739186
variance: 1.5585496803999992e-06
max: 0.312402
min: 0.303258
