n: 100
mean: 0.33719643
standard deviation: 0.0011139405033932452
variance: 1.2408634450999966e-06
max: 0.343435
min: 0.335435
