n: 100
mean: 0.21428083
standard deviation: 0.0009663196578255043
variance: 9.337736810999997e-07
max: 0.219505
min: 0.212747
