n: 100
mean: 0.21022353000000005
standard deviation: 0.0008761031612201854
variance: 7.675567491000021e-07
max: 0.214596
min: 0.208955
