n: 100
mean: 0.30504176
standard deviation: 0.002441246460806446
variance: 5.9596842824e-06
max: 0.319417
min: 0.303308
