n: 100
mean: 0.30642828
standard deviation: 0.0015415038895831555
variance: 2.376234241599997e-06
max: 0.314957
min: 0.304329
