n: 100
mean: 0.3498739599999999
standard deviation: 0.0016344983751597907
variance: 2.671584938399996e-06
max: 0.359098
min: 0.348076
