n: 100
mean: 0.21451040000000002
standard deviation: 0.0012545660923203692
variance: 1.5739360800000012e-06
max: 0.221649
min: 0.212959
