n: 100
mean: 0.2417652
standard deviation: 0.0012942921694887907
variance: 1.6751922200000002e-06
max: 0.249984
min: 0.239939
