n: 100
mean: 0.30518944000000003
standard deviation: 0.0012914025113805513
variance: 1.6677204463999948e-06
max: 0.312463
min: 0.303324
