n: 100
mean: 0.21024667
standard deviation: 0.0008897929203472023
variance: 7.917314411000028e-07
max: 0.215091
min: 0.208455
