n: 100
mean: 0.22126084
standard deviation: 0.0025065444170012225
variance: 6.2827649143999975e-06
max: 0.23829
min: 0.219119
