n: 100
mean: 0.30559622999999997
standard deviation: 0.0018817127881533885
variance: 3.540843017099999e-06
max: 0.314635
min: 0.30332
