n: 100
mean: 0.21016234000000003
standard deviation: 0.001794808341968579
variance: 3.2213369844e-06
max: 0.217953
min: 0.208396
