n: 100
mean: 0.30522537
standard deviation: 0.0016405622673644539
variance: 2.691444553099998e-06
max: 0.315228
min: 0.303274
