n: 100
mean: 0.33028082000000003
standard deviation: 0.002774496024073561
variance: 7.697828187599998e-06
max: 0.3443
min: 0.327666
