n: 100
mean: 0.21490724
standard deviation: 0.0024085592129736
variance: 5.801157482400006e-06
max: 0.231692
min: 0.212921
