n: 100
mean: 0.22031346000000002
standard deviation: 0.0010516672517483852
variance: 1.1060040084000016e-06
max: 0.224199
min: 0.218926
