n: 100
mean: 0.30526304
standard deviation: 0.001281040951101879
variance: 1.6410659184000063e-06
max: 0.310015
min: 0.303257
