n: 100
mean: 0.21003584999999997
standard deviation: 0.0009773932205105573
variance: 9.552975074999988e-07
max: 0.215046
min: 0.208446
