n: 100
mean: 0.21464366999999998
standard deviation: 0.0018954887921325207
variance: 3.5928777611000025e-06
max: 0.225514
min: 0.212863
