n: 100
mean: 0.30561581
standard deviation: 0.0013626726216887167
variance: 1.8568766739000006e-06
max: 0.31394
min: 0.303741
