n: 100
mean: 0.33058642
standard deviation: 0.0012206365321421444
variance: 1.4899535436000003e-06
max: 0.337545
min: 0.329474
