n: 20
mean: 0.25205215000000003
standard deviation: 0.005805708753244521
variance: 3.370625412750005e-05
max: 0.271085
min: 0.246528
