n: 20
mean: 0.22005970000000002
standard deviation: 0.006221565768357668
variance: 3.8707880609999946e-05
max: 0.238331
min: 0.211347
