n: 20
mean: 0.29909659999999993
standard deviation: 0.008256377628233825
variance: 6.816777153999999e-05
max: 0.329538
min: 0.290952
