n: 20
mean: 0.2307155
standard deviation: 0.021198626256198772
variance: 0.00044938175514999993
max: 0.297751
min: 0.205931
