n: 20
mean: 0.352508
standard deviation: 0.01670262665271544
variance: 0.00027897773710000015
max: 0.418067
min: 0.340405
