n: 20
mean: 0.2999917999999999
standard deviation: 0.012332406628878235
variance: 0.00015208825325999982
max: 0.329072
min: 0.279901
