n: 100
mean: 0.21445962000000002
standard deviation: 0.0011776598471545162
variance: 1.3868827155999984e-06
max: 0.222128
min: 0.21289
