n: 100
mean: 0.27169407000000007
standard deviation: 0.006338175681148322
variance: 4.01724709651e-05
max: 0.305866
min: 0.267942
