n: 100
mean: 0.30579347
standard deviation: 0.00165452717387778
variance: 2.737460169099994e-06
max: 0.314206
min: 0.303929
