n: 100
mean: 0.31323090000000003
standard deviation: 0.01914706102330068
variance: 0.0003666099458300001
max: 0.412859
min: 0.304465
