n: 100
mean: 0.21026040999999995
standard deviation: 0.0012276380337461043
variance: 1.507095141900001e-06
max: 0.220255
min: 0.208874
