n: 100
mean: 0.39428257
standard deviation: 0.0013486954827165406
variance: 1.8189795051000026e-06
max: 0.401285
min: 0.392414
