n: 100
mean: 0.22212330000000002
standard deviation: 0.012847738124276973
variance: 0.00016506437491
max: 0.254845
min: 0.213219
