n: 100
mean: 0.30614096
standard deviation: 0.00554385978163229
variance: 3.073438127840003e-05
max: 0.358256
min: 0.303593
