n: 100
mean: 0.36661278
standard deviation: 0.023009062231034102
variance: 0.0005294169447516
max: 0.473358
min: 0.351559
