n: 100
mean: 0.22134419999999996
standard deviation: 0.011928906097375399
variance: 0.00014229880068
max: 0.249814
min: 0.209573
