n: 100
mean: 0.31589343
standard deviation: 0.017039904955283642
variance: 0.0002903583608851
max: 0.363855
min: 0.3036
