n: 100
mean: 0.23618767000000002
standard deviation: 0.0033529354215522853
variance: 1.1242175941100002e-05
max: 0.255066
min: 0.233466
