n: 100
mean: 0.32631119
standard deviation: 0.0010747726242792035
variance: 1.155136193900006e-06
max: 0.332353
min: 0.324886
