n: 100
mean: 0.30535664
standard deviation: 0.0011233825040474876
variance: 1.2619882504000036e-06
max: 0.309712
min: 0.303349
