n: 100
mean: 0.21817549000000003
standard deviation: 0.0012283176339611842
variance: 1.5087642099000017e-06
max: 0.227831
min: 0.216843
