n: 100
mean: 0.21015746999999999
standard deviation: 0.0014006890622475787
variance: 1.9619298491000015e-06
max: 0.220123
min: 0.208766
