n: 100
mean: 0.21438187
standard deviation: 0.0011625774009071394
variance: 1.3515862130999996e-06
max: 0.221372
min: 0.212846
