n: 100
mean: 0.30566419
standard deviation: 0.0013730302814941827
variance: 1.8852121538999946e-06
max: 0.310749
min: 0.303583
