n: 100
mean: 0.21426529
standard deviation: 0.0011044978342667757
variance: 1.219915465899998e-06
max: 0.219292
min: 0.212842
