n: 100
mean: 0.30525836
standard deviation: 0.0012577815908972434
variance: 1.5820145304000003e-06
max: 0.311007
min: 0.303325
