n: 100
mean: 0.23021861000000005
standard deviation: 0.0010305251951796231
variance: 1.0619821779000002e-06
max: 0.235342
min: 0.228842
