n: 100
mean: 0.30586819
standard deviation: 0.0015025078149214423
variance: 2.2575297339000074e-06
max: 0.311056
min: 0.303411
