n: 100
mean: 0.20975624
standard deviation: 0.0012410428688808472
variance: 1.5401874024000036e-06
max: 0.217458
min: 0.208425
