n: 100
mean: 0.3421615499999999
standard deviation: 0.0011397023503968043
variance: 1.2989214474999999e-06
max: 0.3482
min: 0.340637
