n: 100
mean: 0.21028502
standard deviation: 0.0016253385738362331
variance: 2.6417254796000003e-06
max: 0.22175
min: 0.208205
