n: 100
mean: 0.21468136
standard deviation: 0.0014389037460511382
variance: 2.0704439903999984e-06
max: 0.223223
min: 0.212879
