n: 100
mean: 0.23144726
standard deviation: 0.0037669750294367487
variance: 1.4190100872399993e-05
max: 0.265841
min: 0.229445
