n: 100
mean: 0.30547366000000004
standard deviation: 0.0015119911786779705
variance: 2.2861173243999984e-06
max: 0.313228
min: 0.303429
