n: 100
mean: 0.30562418999999996
standard deviation: 0.0013009388509457294
variance: 1.6924418938999947e-06
max: 0.312744
min: 0.303688
