n: 100
mean: 0.3486637700000001
standard deviation: 0.0029726319074348914
variance: 8.8365404571e-06
max: 0.361969
min: 0.345946
