n: 20
mean: 0.22123975
standard deviation: 0.013242674963446775
variance: 0.00017536844018750005
max: 0.273772
min: 0.210451
