n: 20
mean: 0.2486219
standard deviation: 0.003608307274886665
variance: 1.3019881390000029e-05
max: 0.255713
min: 0.242845
