n: 20
mean: 0.34706445
standard deviation: 0.00923458046949075
variance: 8.52774764475e-05
max: 0.376295
min: 0.333408
