n: 20
mean: 0.29206825
standard deviation: 0.007369095160703252
variance: 5.430356348750009e-05
max: 0.310327
min: 0.276595
