n: 20
mean: 0.32389725
standard deviation: 0.025964874380352772
variance: 0.0006741747015874997
max: 0.408458
min: 0.291086
