n: 20
mean: 0.21975244999999996
standard deviation: 0.005902070911764784
variance: 3.483444104749999e-05
max: 0.234756
min: 0.20871
