n: 100
mean: 0.23484842
standard deviation: 0.0010791926072763842
variance: 1.1646566836000002e-06
max: 0.241478
min: 0.233635
