n: 100
mean: 0.30501911
standard deviation: 0.001888986510777672
variance: 3.5682700379000037e-06
max: 0.316769
min: 0.303231
