n: 100
mean: 0.30510813000000003
standard deviation: 0.001146780507813068
variance: 1.3151055330999981e-06
max: 0.309102
min: 0.303311
