n: 100
mean: 0.20995350000000002
standard deviation: 0.0011916068856800035
variance: 1.4199269699999972e-06
max: 0.216698
min: 0.208438
