n: 100
mean: 0.3440344999999999
standard deviation: 0.0012962548321992886
variance: 1.6802765900000057e-06
max: 0.350264
min: 0.342204
