n: 100
mean: 0.21430139999999998
standard deviation: 0.0010711639090260645
variance: 1.147392119999999e-06
max: 0.218513
min: 0.212885
