n: 20
mean: 0.262428
standard deviation: 0.02003798439963461
variance: 0.00040152081879999996
max: 0.297694
min: 0.214062
