n: 20
mean: 0.37032995
standard deviation: 0.01820309708394426
variance: 0.00033135274344749994
max: 0.402848
min: 0.335753
