n: 20
mean: 0.26657190000000003
standard deviation: 0.01536373973972483
variance: 0.00023604449878999998
max: 0.299774
min: 0.242426
