n: 20
mean: 0.3137655
standard deviation: 0.020091319751325446
variance: 0.00040366112935000004
max: 0.366677
min: 0.291797
