n: 20
mean: 0.32324100000000006
standard deviation: 0.023528182424488297
variance: 0.0005535753682000001
max: 0.383007
min: 0.293719
