n: 20
mean: 0.23407270000000002
standard deviation: 0.011977821922620155
variance: 0.00014346821800999998
max: 0.262443
min: 0.214637
