n: 100
mean: 0.30545511999999997
standard deviation: 0.0015080492450845202
variance: 2.2742125255999913e-06
max: 0.315413
min: 0.303262
