n: 100
mean: 0.34749666000000007
standard deviation: 0.002266455939214347
variance: 5.136822524399987e-06
max: 0.36071
min: 0.345548
