n: 100
mean: 0.22990544000000004
standard deviation: 0.0019544829665156965
variance: 3.820003666399997e-06
max: 0.23865
min: 0.227764
