n: 100
mean: 0.21052903999999997
standard deviation: 0.0012957113252572883
variance: 1.6788678383999983e-06
max: 0.21875
min: 0.209005
