n: 100
mean: 0.30559462
standard deviation: 0.0012431286480489463
variance: 1.545368835600001e-06
max: 0.311137
min: 0.303731
