n: 100
mean: 0.21465679000000001
standard deviation: 0.001104658682987645
variance: 1.2202708058999984e-06
max: 0.221571
min: 0.213294
