n: 20
mean: 0.36417415000000003
standard deviation: 0.0017514900306596103
variance: 3.0677173275000024e-06
max: 0.370398
min: 0.362499
