n: 20
mean: 0.30536825000000006
standard deviation: 0.0012281836131051425
variance: 1.5084349875000025e-06
max: 0.308979
min: 0.303606
