n: 20
mean: 0.30651385000000003
standard deviation: 0.0036767959730586086
variance: 1.35188286275e-05
max: 0.314646
min: 0.303359
