n: 20
mean: 0.214254
standard deviation: 0.0014902023017026936
variance: 2.220702900000006e-06
max: 0.220113
min: 0.212933
