n: 20
mean: 0.20993364999999997
standard deviation: 0.0014353211583126618
variance: 2.060146827500001e-06
max: 0.215673
min: 0.208781
