n: 20
mean: 0.24123349999999996
standard deviation: 0.011107407237965121
variance: 0.00012337449554999995
max: 0.289236
min: 0.237516
