n: 100
mean: 0.30522185
standard deviation: 0.0012342647801424132
variance: 1.5234095474999994e-06
max: 0.310143
min: 0.303281
