n: 100
mean: 0.21028875000000002
standard deviation: 0.001308916761104388
variance: 1.7132630875000019e-06
max: 0.22042
min: 0.208531
