n: 100
mean: 0.23397256000000002
standard deviation: 0.001707966435969982
variance: 2.9171493464000025e-06
max: 0.248317
min: 0.231704
