n: 100
mean: 0.34186655999999993
standard deviation: 0.0012183835957529953
variance: 1.484458586399998e-06
max: 0.346769
min: 0.339871
