n: 100
mean: 0.21441322999999998
standard deviation: 0.001311595081227434
variance: 1.7202816570999994e-06
max: 0.223017
min: 0.212737
