n: 100
mean: 0.30598283
standard deviation: 0.0011783962496121556
variance: 1.3886177210999939e-06
max: 0.311065
min: 0.303753
