n: 20
mean: 0.21410060000000003
standard deviation: 0.001595972349384539
variance: 2.5471277400000055e-06
max: 0.219844
min: 0.212866
