n: 20
mean: 0.30640144999999996
standard deviation: 0.0031565688250852343
variance: 9.963926747499977e-06
max: 0.312971
min: 0.303303
