n: 20
mean: 0.21064879999999997
standard deviation: 0.002067663550967612
variance: 4.2752325599999955e-06
max: 0.218025
min: 0.208715
