n: 20
mean: 0.32624915
standard deviation: 0.0010479023940711252
variance: 1.0980994274999958e-06
max: 0.329741
min: 0.325323
