n: 20
mean: 0.30564925
standard deviation: 0.0017136134300068907
variance: 2.9364709874999807e-06
max: 0.310144
min: 0.30333
