n: 20
mean: 0.21476864999999998
standard deviation: 0.0017253675340344165
variance: 2.9768931275000035e-06
max: 0.21935
min: 0.213599
