n: 100
mean: 0.3521572400000001
standard deviation: 0.0016749434803598612
variance: 2.8054356624000044e-06
max: 0.36113
min: 0.350362
