n: 100
mean: 0.21401825
standard deviation: 0.0013714337051057193
variance: 1.8808304075000007e-06
max: 0.22236
min: 0.21269
