n: 100
mean: 0.21016794
standard deviation: 0.0008230526814244653
variance: 6.774157164000023e-07
max: 0.214295
min: 0.208654
