n: 100
mean: 0.30509908
standard deviation: 0.0016098356231615686
variance: 2.591570733599996e-06
max: 0.313573
min: 0.303321
