n: 100
mean: 0.24288891000000004
standard deviation: 0.0019239024980232248
variance: 3.7014008219000044e-06
max: 0.257911
min: 0.241604
