n: 100
mean: 0.30473459
standard deviation: 0.0012089528451928956
variance: 1.4615669818999976e-06
max: 0.310628
min: 0.303176
