n: 100
mean: 0.36071777000000005
standard deviation: 0.002609773755922149
variance: 6.8109190570999985e-06
max: 0.373242
min: 0.358345
