n: 100
mean: 0.30875143
standard deviation: 0.013052608468237295
variance: 0.00017037058782509994
max: 0.377772
min: 0.303437
