n: 100
mean: 0.24584276
standard deviation: 0.0038020346687530336
variance: 1.445546762239999e-05
max: 0.269695
min: 0.243273
