n: 100
mean: 0.30504871
standard deviation: 0.001315616694140055
variance: 1.7308472859000071e-06
max: 0.312278
min: 0.303393
