n: 100
mean: 0.21848717000000004
standard deviation: 0.008919742811376346
variance: 7.95618118211e-05
max: 0.256465
min: 0.212919
