n: 100
mean: 0.21102395999999998
standard deviation: 0.0041549471835872955
variance: 1.72635860984e-05
max: 0.233514
min: 0.208615
