n: 100
mean: 0.21455398000000003
standard deviation: 0.0023864205035156725
variance: 5.695002819599996e-06
max: 0.228043
min: 0.212727
