n: 100
mean: 0.30588065
standard deviation: 0.0034463471658409566
variance: 1.1877308787499993e-05
max: 0.330381
min: 0.303313
