n: 100
mean: 0.36636965
standard deviation: 0.01962281323020479
variance: 0.0003850547990675001
max: 0.471143
min: 0.355983
