n: 100
mean: 0.21059550999999999
standard deviation: 0.0031140126476782333
variance: 9.6970747699e-06
max: 0.228724
min: 0.208517
