n: 100
mean: 0.24955501000000002
standard deviation: 0.0037114851191807304
variance: 1.3775121789900001e-05
max: 0.274726
min: 0.246666
