n: 100
mean: 0.31242815999999995
standard deviation: 0.01811994502845966
variance: 0.0003283324078343999
max: 0.415134
min: 0.30341
