n: 20
mean: 0.36139764999999996
standard deviation: 0.01409958571474709
variance: 0.00019879831732750016
max: 0.405544
min: 0.346829
