n: 20
mean: 0.30380280000000004
standard deviation: 0.004450384900208069
variance: 1.9805925759999985e-05
max: 0.312353
min: 0.293009
