n: 20
mean: 0.3050292
standard deviation: 0.008710139698076031
variance: 7.586653356000001e-05
max: 0.336927
min: 0.291641
