n: 20
mean: 0.35763599999999995
standard deviation: 0.005759342106525709
variance: 3.317002149999999e-05
max: 0.371901
min: 0.345772
