n: 20
mean: 0.22123935
standard deviation: 0.005601058884487823
variance: 3.137186062749998e-05
max: 0.231288
min: 0.212925
