n: 20
mean: 0.22522000000000003
standard deviation: 0.004614870637406861
variance: 2.1297031000000008e-05
max: 0.236382
min: 0.219397
