n: 100
mean: 0.30528474000000005
standard deviation: 0.001405665071202955
variance: 1.9758942924000084e-06
max: 0.311887
min: 0.303438
