n: 100
mean: 0.22932748000000003
standard deviation: 0.0011254038695508383
variance: 1.2665338696000005e-06
max: 0.23327
min: 0.227148
