n: 100
mean: 0.21428158000000003
standard deviation: 0.001238071816818395
variance: 1.5328218236000011e-06
max: 0.219645
min: 0.212776
