n: 100
mean: 0.30550174
standard deviation: 0.0012139549548479932
variance: 1.4736866323999929e-06
max: 0.311187
min: 0.303251
