n: 100
mean: 0.20980212
standard deviation: 0.0010839104693654345
variance: 1.1748619055999964e-06
max: 0.215916
min: 0.20841
