n: 100
mean: 0.33888276999999994
standard deviation: 0.0014096030281962365
variance: 1.9869806971e-06
max: 0.348084
min: 0.337826
