n: 20
mean: 0.2275499
standard deviation: 0.014214531680291125
variance: 0.00020205291089000002
max: 0.255348
min: 0.208709
