n: 20
mean: 0.22599655
standard deviation: 0.007666935942571843
variance: 5.878190674749999e-05
max: 0.246224
min: 0.216174
