n: 20
mean: 0.30551120000000004
standard deviation: 0.011478252657090272
variance: 0.0001317502840599999
max: 0.33557
min: 0.28893
