n: 20
mean: 0.24999715000000006
standard deviation: 0.006391898374309465
variance: 4.085636482749999e-05
max: 0.261479
min: 0.239323
