n: 20
mean: 0.34828380000000003
standard deviation: 0.006700765684606498
variance: 4.490026076e-05
max: 0.361959
min: 0.339682
