n: 20
mean: 0.31946320000000006
standard deviation: 0.0337822546148122
variance: 0.00114124072686
max: 0.438962
min: 0.278955
