n: 100
mean: 0.21432546000000002
standard deviation: 0.0010262764873073915
variance: 1.0532434283999985e-06
max: 0.221097
min: 0.212895
