n: 100
mean: 0.22627332
standard deviation: 0.0014512613677763223
variance: 2.1061595576000017e-06
max: 0.232342
min: 0.224534
