n: 100
mean: 0.21040146
standard deviation: 0.0010908063111295242
variance: 1.1898584084000002e-06
max: 0.216749
min: 0.208698
