n: 100
mean: 0.33450821
standard deviation: 0.0010428039057751933
variance: 1.0874399858999982e-06
max: 0.340344
min: 0.333098
