n: 100
mean: 0.30561188
standard deviation: 0.0013203177138855612
variance: 1.7432388655999947e-06
max: 0.312334
min: 0.303234
