n: 100
mean: 0.30568089
standard deviation: 0.001309711959898053
variance: 1.7153454178999992e-06
max: 0.311884
min: 0.303507
