n: 100
mean: 0.3718342899999999
standard deviation: 0.018689730039406667
variance: 0.0003493060089459
max: 0.442704
min: 0.363158
