n: 100
mean: 0.24270076
standard deviation: 0.0014708631895591117
variance: 2.1634385224000034e-06
max: 0.251134
min: 0.240957
