n: 100
mean: 0.30516500999999996
standard deviation: 0.0016417472003630775
variance: 2.6953338699000028e-06
max: 0.314027
min: 0.303187
