n: 100
mean: 0.21556892000000002
standard deviation: 0.0013793702597924885
variance: 1.9026623135999973e-06
max: 0.223326
min: 0.213469
