n: 100
mean: 0.30585367999999996
standard deviation: 0.0015671755733165308
variance: 2.4560392775999974e-06
max: 0.314592
min: 0.303498
