n: 100
mean: 0.2101333
standard deviation: 0.002355688602086447
variance: 5.549268789999998e-06
max: 0.22757
min: 0.208407
