n: 100
mean: 0.21442434
standard deviation: 0.0012039835897552761
variance: 1.4495764844000012e-06
max: 0.220452
min: 0.212841
