n: 100
mean: 0.32979014
standard deviation: 0.0016551412871413723
variance: 2.7394926803999985e-06
max: 0.33835
min: 0.327662
