n: 100
mean: 0.22095533999999994
standard deviation: 0.0011028908034796555
variance: 1.2163681243999998e-06
max: 0.225598
min: 0.219311
