n: 100
mean: 0.21016344
standard deviation: 0.001191858735924689
variance: 1.420527246399998e-06
max: 0.216442
min: 0.2084
