n: 100
mean: 0.30518277
standard deviation: 0.0013680746387167632
variance: 1.8716282171000022e-06
max: 0.313103
min: 0.303073
