n: 100
mean: 0.30520421999999997
standard deviation: 0.002112783531647294
variance: 4.463854251600011e-06
max: 0.316998
min: 0.303408
