n: 100
mean: 0.21426859000000004
standard deviation: 0.000962457729928957
variance: 9.263248819000012e-07
max: 0.220364
min: 0.212895
