n: 100
mean: 0.34368480999999995
standard deviation: 0.001369928433860687
variance: 1.8767039138999948e-06
max: 0.352419
min: 0.341982
