n: 100
mean: 0.21040497
standard deviation: 0.001249768982292327
variance: 1.5619225090999986e-06
max: 0.216896
min: 0.208665
