n: 100
mean: 0.30516451000000006
standard deviation: 0.0015541872827622774
variance: 2.4154981098999914e-06
max: 0.311902
min: 0.303415
