n: 100
mean: 0.23480985999999998
standard deviation: 0.001032569775075758
variance: 1.0662003404000016e-06
max: 0.240241
min: 0.233563
