n: 100
mean: 0.30546096999999994
standard deviation: 0.0012389562418019474
variance: 1.5350125691000057e-06
max: 0.312552
min: 0.303313
