n: 100
mean: 0.36492215
standard deviation: 0.006259631345973981
variance: 3.918298458750003e-05
max: 0.402762
min: 0.361653
