n: 100
mean: 0.24865941999999996
standard deviation: 0.004921405474414804
variance: 2.42202318436e-05
max: 0.274213
min: 0.245728
