n: 100
mean: 0.21441459
standard deviation: 0.00134253277870598
variance: 1.8023942618999998e-06
max: 0.223661
min: 0.212831
