n: 100
mean: 0.21022134
standard deviation: 0.0012064424248176939
variance: 1.4555033243999968e-06
max: 0.217435
min: 0.208838
