n: 100
mean: 0.30532726000000004
standard deviation: 0.0014647338913263374
variance: 2.145445372399995e-06
max: 0.311235
min: 0.303407
