n: 100
mean: 0.30635661
standard deviation: 0.005338345488810183
variance: 2.8497932557900027e-05
max: 0.339475
min: 0.30325
