n: 100
mean: 0.21436158000000002
standard deviation: 0.001053209724413899
variance: 1.109250723600001e-06
max: 0.221468
min: 0.212861
