n: 100
mean: 0.30533920000000003
standard deviation: 0.0016796931684090377
variance: 2.821369139999992e-06
max: 0.316889
min: 0.303259
