n: 100
mean: 0.21001248
standard deviation: 0.001177655615874183
variance: 1.386872749600001e-06
max: 0.218007
min: 0.208622
