n: 100
mean: 0.3426631000000001
standard deviation: 0.0010378580008845151
variance: 1.0771492300000022e-06
max: 0.348057
min: 0.341665
