n: 100
mean: 0.23471536
standard deviation: 0.0011051869391193515
variance: 1.2214381704000012e-06
max: 0.239737
min: 0.233526
