n: 100
mean: 0.30493863
standard deviation: 0.0015363099339326049
variance: 2.360248213100005e-06
max: 0.313115
min: 0.303344
