n: 100
mean: 0.23345617999999999
standard deviation: 0.0014691006594512162
variance: 2.1582567475999984e-06
max: 0.241478
min: 0.231661
