n: 100
mean: 0.34625561
standard deviation: 0.0011110096299762665
variance: 1.2343423979000004e-06
max: 0.35402
min: 0.34473
