n: 100
mean: 0.21440759
standard deviation: 0.001218768272437382
variance: 1.4853961019000006e-06
max: 0.220347
min: 0.212868
