n: 100
mean: 0.20944797
standard deviation: 0.0010514036185499845
variance: 1.1054495691000013e-06
max: 0.215224
min: 0.208366
