n: 100
mean: 0.30536836
standard deviation: 0.0014113460137046491
variance: 1.991897570400004e-06
max: 0.313188
min: 0.303522
