n: 100
mean: 0.30514428000000005
standard deviation: 0.0012428426214127009
variance: 1.544657781599994e-06
max: 0.311015
min: 0.303182
