n: 100
mean: 0.30516504
standard deviation: 0.00126518140928485
variance: 1.6006839983999988e-06
max: 0.30974
min: 0.303355
