n: 100
mean: 0.26036994
standard deviation: 0.0024487017410048098
variance: 5.996140216399986e-06
max: 0.27984
min: 0.258292
