n: 100
mean: 0.21054428000000003
standard deviation: 0.0022039693377177466
variance: 4.8574808416000025e-06
max: 0.225412
min: 0.208882
