n: 100
mean: 0.30560281000000006
standard deviation: 0.0012615919680705023
variance: 1.5916142939000034e-06
max: 0.312357
min: 0.303677
