n: 100
mean: 0.39156986000000005
standard deviation: 0.002351341685166152
variance: 5.528807720399999e-06
max: 0.407976
min: 0.389589
