n: 100
mean: 0.21465952999999996
standard deviation: 0.0011525506449176096
variance: 1.328372989099998e-06
max: 0.221708
min: 0.213012
