n: 100
mean: 0.35828439
standard deviation: 0.0015893483249118188
variance: 2.5260280979000045e-06
max: 0.366977
min: 0.356508
