n: 100
mean: 0.30626137999999997
standard deviation: 0.006018327740793119
variance: 3.622026879560001e-05
max: 0.344297
min: 0.303368
