n: 100
mean: 0.24961487000000002
standard deviation: 0.004221874845740929
variance: 1.7824227213099993e-05
max: 0.278246
min: 0.246659
