n: 100
mean: 0.21641175
standard deviation: 0.007213191833543594
variance: 5.2030136427499995e-05
max: 0.254591
min: 0.212888
