n: 100
mean: 0.20991729000000003
standard deviation: 0.0011558756360006898
variance: 1.3360484858999994e-06
max: 0.215636
min: 0.208366
