n: 100
mean: 0.31082839
standard deviation: 0.017643038287605113
variance: 0.0003112768000179
max: 0.381342
min: 0.303289
