n: 100
mean: 0.21499825
standard deviation: 0.003623080314801205
variance: 1.3126710967499997e-05
max: 0.249831
min: 0.213064
