n: 100
mean: 0.30604186
standard deviation: 0.0011044586367990434
variance: 1.219828880400001e-06
max: 0.31209
min: 0.304372
