n: 100
mean: 0.30569389
standard deviation: 0.0015826899563401542
variance: 2.504907497899999e-06
max: 0.312129
min: 0.303681
