n: 100
mean: 0.21032908999999997
standard deviation: 0.002424961150596026
variance: 5.880436581900002e-06
max: 0.227529
min: 0.208265
