n: 100
mean: 0.22689416000000004
standard deviation: 0.002395653387783799
variance: 5.739155154399995e-06
max: 0.246295
min: 0.225475
