n: 100
mean: 0.34140245999999996
standard deviation: 0.0186880989768462
variance: 0.0003492450433684
max: 0.413445
min: 0.333153
