n: 100
mean: 0.30526117
standard deviation: 0.0012708454434351942
variance: 1.6150481410999952e-06
max: 0.31232
min: 0.303268
