n: 100
mean: 0.21542352
standard deviation: 0.003168589539463891
variance: 1.0039959669599994e-05
max: 0.241338
min: 0.213272
