n: 100
mean: 0.3575601399999999
standard deviation: 0.0016086411098812576
variance: 2.5877262204000046e-06
max: 0.36736
min: 0.355459
