n: 100
mean: 0.24252993
standard deviation: 0.01604020332680044
variance: 0.00025728812276509995
max: 0.325968
min: 0.23407
