n: 100
mean: 0.30825136000000003
standard deviation: 0.0018216942801688762
variance: 3.3185700503999997e-06
max: 0.32075
min: 0.306413
