n: 100
mean: 0.21017339000000004
standard deviation: 0.0010215592679330952
variance: 1.0435833379000016e-06
max: 0.216082
min: 0.208736
