n: 100
mean: 0.30622049000000007
standard deviation: 0.004504775056526131
variance: 2.029299830990001e-05
max: 0.33342
min: 0.303227
