n: 100
mean: 0.21506065999999993
standard deviation: 0.003372898670935729
variance: 1.1376445444400006e-05
max: 0.237215
min: 0.212866
