n: 100
mean: 0.23487931
standard deviation: 0.002130699625451698
variance: 4.539880893900006e-06
max: 0.250153
min: 0.233389
