n: 100
mean: 0.30544309999999997
standard deviation: 0.004323605630720732
variance: 1.8693565650000017e-05
max: 0.343581
min: 0.303346
