n: 100
mean: 0.21622183000000003
standard deviation: 0.014243088923442834
variance: 0.00020286558208109992
max: 0.274369
min: 0.208318
