n: 100
mean: 0.34274798000000006
standard deviation: 0.0013167715669773561
variance: 1.7338873596000017e-06
max: 0.352258
min: 0.341679
