n: 20
mean: 0.32901679999999994
standard deviation: 0.002057555773241636
variance: 4.233535759999988e-06
max: 0.33658
min: 0.327541
