n: 20
mean: 0.30430275
standard deviation: 0.0011831273758560446
variance: 1.3997903875000102e-06
max: 0.30902
min: 0.30327
