n: 20
mean: 0.2144294
standard deviation: 0.0016027170180665086
variance: 2.5687018400000012e-06
max: 0.219108
min: 0.212975
