n: 20
mean: 0.21036159999999998
standard deviation: 0.002164882477179768
variance: 4.686716140000008e-06
max: 0.217482
min: 0.20848
