n: 20
mean: 0.3067151
standard deviation: 0.004477531316473397
variance: 2.004828668999999e-05
max: 0.323969
min: 0.30387
