n: 20
mean: 0.21705239999999998
standard deviation: 0.001667956126521318
variance: 2.782077639999999e-06
max: 0.223682
min: 0.215535
