n: 100
mean: 0.2484463
standard deviation: 0.0011631383107782172
variance: 1.3528907300000045e-06
max: 0.253105
min: 0.246952
