n: 100
mean: 0.30503113000000004
standard deviation: 0.0011910343039140375
variance: 1.418562713099996e-06
max: 0.308844
min: 0.303175
