n: 100
mean: 0.21428160000000002
standard deviation: 0.0009483497034322318
variance: 8.993671600000019e-07
max: 0.220262
min: 0.212915
