n: 100
mean: 0.21013796999999998
standard deviation: 0.0009381983207723184
variance: 8.80216089099998e-07
max: 0.213304
min: 0.208297
