n: 100
mean: 0.3058662200000001
standard deviation: 0.0010193119991445216
variance: 1.038996951600001e-06
max: 0.308999
min: 0.303663
