n: 100
mean: 0.3582394699999999
standard deviation: 0.0011699135220604989
variance: 1.3686976491000015e-06
max: 0.366096
min: 0.356641
