n: 100
mean: 0.30498404999999995
standard deviation: 0.0014414501543584465
variance: 2.0777785474999896e-06
max: 0.31198
min: 0.303464
