n: 100
mean: 0.30515059000000005
standard deviation: 0.0016039160208377516
variance: 2.572546601900007e-06
max: 0.313526
min: 0.303173
