n: 100
mean: 0.22931199
standard deviation: 0.0013017232770062938
variance: 1.6944834899000047e-06
max: 0.23666
min: 0.227879
