n: 100
mean: 0.21032142
standard deviation: 0.00193223068074182
variance: 3.7335154035999966e-06
max: 0.225627
min: 0.20878
