n: 100
mean: 0.21438352000000002
standard deviation: 0.0013442459185729367
variance: 1.8069970895999985e-06
max: 0.220938
min: 0.212751
