n: 100
mean: 0.33695631
standard deviation: 0.0013195331348245856
variance: 1.7411676938999983e-06
max: 0.342862
min: 0.335394
