n: 20
mean: 0.21002345
standard deviation: 0.0017381149120527092
variance: 3.021043447499997e-06
max: 0.216526
min: 0.20857
