n: 20
mean: 0.363981
standard deviation: 0.0013649995604394821
variance: 1.8632237999999792e-06
max: 0.368453
min: 0.362455
