n: 20
mean: 0.2393891
standard deviation: 0.0025429617948368823
variance: 6.466654690000018e-06
max: 0.248039
min: 0.237266
