n: 20
mean: 0.3071583
standard deviation: 0.0032078667070188495
variance: 1.0290408809999956e-05
max: 0.313864
min: 0.303852
