n: 20
mean: 0.30512854999999994
standard deviation: 0.0021522244417114147
variance: 4.632070047500011e-06
max: 0.313386
min: 0.303457
