n: 100
mean: 0.21039208
standard deviation: 0.001139429415804243
variance: 1.2982993935999987e-06
max: 0.216053
min: 0.208655
