n: 100
mean: 0.30506022
standard deviation: 0.0017799833852033574
variance: 3.1683408516000037e-06
max: 0.313565
min: 0.30324
