n: 100
mean: 0.30554438
standard deviation: 0.001702712663839673
variance: 2.899230415599995e-06
max: 0.316276
min: 0.303225
