n: 100
mean: 0.3329298899999999
standard deviation: 0.0010663548742796665
variance: 1.1371127179000034e-06
max: 0.337414
min: 0.331436
