n: 100
mean: 0.21453959000000006
standard deviation: 0.0016182182120777152
variance: 2.6186301818999974e-06
max: 0.22696
min: 0.212707
