n: 100
mean: 0.22233077
standard deviation: 0.0009779398228418764
variance: 9.563662971000006e-07
max: 0.227715
min: 0.221221
