n: 100
mean: 0.24868415
standard deviation: 0.0014054498238998052
variance: 1.9752892074999933e-06
max: 0.255331
min: 0.246727
