n: 100
mean: 0.35818641999999995
standard deviation: 0.0010338107000800493
variance: 1.0687645636000016e-06
max: 0.363329
min: 0.356494
