n: 100
mean: 0.30619514999999997
standard deviation: 0.0011445293039061958
variance: 1.309947327500001e-06
max: 0.312115
min: 0.304417
