n: 100
mean: 0.21474025000000002
standard deviation: 0.0016725311080814016
variance: 2.7973603075000012e-06
max: 0.223481
min: 0.213265
