n: 100
mean: 0.21050762999999997
standard deviation: 0.0012775303961550172
variance: 1.6320839130999952e-06
max: 0.217631
min: 0.208486
