n: 100
mean: 0.30510769
standard deviation: 0.001239711536568087
variance: 1.5368846939000074e-06
max: 0.311825
min: 0.303104
