n: 100
mean: 0.21021564999999998
standard deviation: 0.0009054953934173274
variance: 8.199219075000005e-07
max: 0.214304
min: 0.208516
