n: 100
mean: 0.35040154
standard deviation: 0.0017307948660658771
variance: 2.995650868399998e-06
max: 0.358103
min: 0.348339
