n: 100
mean: 0.30532720999999996
standard deviation: 0.0013581440446064623
variance: 1.8445552459e-06
max: 0.311174
min: 0.303245
