n: 100
mean: 0.24359855
standard deviation: 0.001401049680596658
variance: 1.9629402074999973e-06
max: 0.249971
min: 0.241775
