n: 100
mean: 0.21440382999999996
standard deviation: 0.0010301622207691372
variance: 1.0612342011000005e-06
max: 0.221809
min: 0.212917
