n: 100
mean: 0.30507642999999995
standard deviation: 0.0012529692275151873
variance: 1.569931885100005e-06
max: 0.310164
min: 0.30329
