n: 100
mean: 0.21632519999999997
standard deviation: 0.014238650766136516
variance: 0.00020273917564
max: 0.265389
min: 0.208507
