n: 100
mean: 0.2619822600000001
standard deviation: 0.015248210762328802
variance: 0.00023250793145239993
max: 0.310281
min: 0.254204
