n: 100
mean: 0.38688114
standard deviation: 0.0021469437813785414
variance: 4.609367600399991e-06
max: 0.39914
min: 0.38508
