n: 100
mean: 0.30525569999999996
standard deviation: 0.0030701930313906966
variance: 9.426085249999996e-06
max: 0.325723
min: 0.303366
