n: 100
mean: 0.30601515
standard deviation: 0.0022651323200864
variance: 5.1308244274999975e-06
max: 0.320565
min: 0.303349
