n: 100
mean: 0.22102249999999998
standard deviation: 0.015676205664318137
variance: 0.00024574342403
max: 0.309234
min: 0.21297
