n: 100
mean: 0.33646643
standard deviation: 0.002596252130495032
variance: 6.740525125099993e-06
max: 0.35052
min: 0.333862
