n: 100
mean: 0.21462071000000002
standard deviation: 0.0013413799632840822
variance: 1.7993002059000056e-06
max: 0.224748
min: 0.213107
