n: 100
mean: 0.22771619999999998
standard deviation: 0.0013386087180352587
variance: 1.7918732999999988e-06
max: 0.233867
min: 0.225932
