n: 100
mean: 0.30640154999999997
standard deviation: 0.0019635229225807354
variance: 3.855422267499993e-06
max: 0.315894
min: 0.303668
