n: 100
mean: 0.21164031000000003
standard deviation: 0.0035429313984185456
variance: 1.255236289389999e-05
max: 0.236202
min: 0.209035
