n: 100
mean: 0.30813755
standard deviation: 0.006029898629952248
variance: 3.63596774875e-05
max: 0.337525
min: 0.303919
