n: 100
mean: 0.20956929000000005
standard deviation: 0.0014391923797394141
variance: 2.071274705899998e-06
max: 0.221469
min: 0.208329
