n: 100
mean: 0.2525522
standard deviation: 0.0015352687452039136
variance: 2.3570501199999993e-06
max: 0.2593
min: 0.250903
