n: 100
mean: 0.3698120099999999
standard deviation: 0.0013654884949716743
variance: 1.8645588299000085e-06
max: 0.376661
min: 0.367904
