n: 100
mean: 0.21422560999999996
standard deviation: 0.0011407134687992414
variance: 1.301227217899998e-06
max: 0.221637
min: 0.212822
