n: 100
mean: 0.30663058000000004
standard deviation: 0.004922315802912285
variance: 2.4229192863600017e-05
max: 0.329807
min: 0.303406
