n: 100
mean: 0.30521296
standard deviation: 0.0014412820190372179
variance: 2.0772938583999994e-06
max: 0.313005
min: 0.30317
