n: 20
mean: 0.2144611
standard deviation: 0.0011332673956308788
variance: 1.2842949899999949e-06
max: 0.217696
min: 0.213235
