n: 20
mean: 0.30556189999999994
standard deviation: 0.0026083662108684013
variance: 6.8035742899999815e-06
max: 0.312119
min: 0.303402
