n: 20
mean: 0.30510014999999996
standard deviation: 0.004249959697161848
variance: 1.806215742750003e-05
max: 0.323475
min: 0.303286
