n: 20
mean: 0.21693525
standard deviation: 0.001457880100522675
variance: 2.125414387500005e-06
max: 0.222452
min: 0.21565
