n: 20
mean: 0.32857340000000007
standard deviation: 0.00165970784778527
variance: 2.754630140000013e-06
max: 0.335365
min: 0.327423
