n: 20
mean: 0.21069530000000003
standard deviation: 0.002807081511107222
variance: 7.879706610000004e-06
max: 0.221498
min: 0.20863
