n: 100
mean: 0.3057517
standard deviation: 0.0011938107932164134
variance: 1.425184210000002e-06
max: 0.310758
min: 0.303352
