n: 100
mean: 0.20984972000000002
standard deviation: 0.001454324063474163
variance: 2.1150584816000016e-06
max: 0.218615
min: 0.208333
