n: 100
mean: 0.23800948000000002
standard deviation: 0.0010345234601496476
variance: 1.0702387895999995e-06
max: 0.243245
min: 0.236296
