n: 100
mean: 0.34950948000000004
standard deviation: 0.001430908162531753
variance: 2.047498169599998e-06
max: 0.355851
min: 0.347357
