n: 100
mean: 0.21436711
standard deviation: 0.0010367872481372446
variance: 1.0749277979000007e-06
max: 0.218545
min: 0.212896
