n: 100
mean: 0.30477043
standard deviation: 0.0012469424706456982
variance: 1.554865525099998e-06
max: 0.311116
min: 0.303219
