n: 100
mean: 0.30546765
standard deviation: 0.0014488827997805747
variance: 2.099261367499997e-06
max: 0.313422
min: 0.303561
