n: 100
mean: 0.34166013999999995
standard deviation: 0.0023214601871236152
variance: 5.3891774004000115e-06
max: 0.357426
min: 0.339859
