n: 100
mean: 0.30628004999999997
standard deviation: 0.0038187828437212835
variance: 1.4583102407500014e-05
max: 0.338432
min: 0.303807
