n: 100
mean: 0.22421002999999998
standard deviation: 0.001717856387798469
variance: 2.9510305691000037e-06
max: 0.232993
min: 0.222484
