n: 100
mean: 0.21455510999999997
standard deviation: 0.0011850062522619869
variance: 1.4042398178999996e-06
max: 0.220438
min: 0.21314
