n: 100
mean: 0.21032804999999996
standard deviation: 0.0015178732382844088
variance: 2.3039391674999976e-06
max: 0.218695
min: 0.208649
