n: 100
mean: 0.2100271
standard deviation: 0.0010509926498315776
variance: 1.1045855500000011e-06
max: 0.21454
min: 0.208326
