n: 100
mean: 0.30554912999999995
standard deviation: 0.0011088382177306096
variance: 1.2295221930999945e-06
max: 0.309762
min: 0.303396
