n: 100
mean: 0.22744797000000005
standard deviation: 0.0035509105070530836
variance: 1.2608965429099988e-05
max: 0.26092
min: 0.225969
