n: 100
mean: 0.30498769
standard deviation: 0.0017216099075864995
variance: 2.9639406738999955e-06
max: 0.316256
min: 0.303294
