n: 100
mean: 0.33474537
standard deviation: 0.0011075465196098992
variance: 1.226659293100001e-06
max: 0.341818
min: 0.33387
