n: 100
mean: 0.21431367
standard deviation: 0.001142093726933126
variance: 1.3043780810999975e-06
max: 0.222152
min: 0.21276
