n: 100
mean: 0.21441024000000003
standard deviation: 0.0010659223153682454
variance: 1.1361903824000012e-06
max: 0.222344
min: 0.212946
