n: 100
mean: 0.39407647000000007
standard deviation: 0.002009510211245516
variance: 4.038131289099997e-06
max: 0.404462
min: 0.391517
