n: 100
mean: 0.30570953
standard deviation: 0.001305303309235061
variance: 1.7038167291000013e-06
max: 0.313672
min: 0.303718
