n: 100
mean: 0.30603926000000004
standard deviation: 0.0016066342186073336
variance: 2.5812735123999976e-06
max: 0.314391
min: 0.303785
