n: 100
mean: 0.2623953
standard deviation: 0.0023514510690209977
variance: 5.5293221299999925e-06
max: 0.282122
min: 0.260454
