n: 100
mean: 0.21097681999999995
standard deviation: 0.003135526291964398
variance: 9.831525127600007e-06
max: 0.239384
min: 0.208951
