n: 100
mean: 0.30540864
standard deviation: 0.0014221967832898517
variance: 2.0226436904000014e-06
max: 0.312773
min: 0.303264
