n: 100
mean: 0.24343097999999996
standard deviation: 0.015630378220618975
variance: 0.00024430872331959995
max: 0.298378
min: 0.235614
