n: 100
mean: 0.21064663999999997
standard deviation: 0.0032130553543940057
variance: 1.032372471039999e-05
max: 0.237165
min: 0.208476
