n: 100
mean: 0.30628049
standard deviation: 0.006983624679913722
variance: 4.8771013669900035e-05
max: 0.373315
min: 0.303741
