n: 100
mean: 0.36570379000000003
standard deviation: 0.019783037499481723
variance: 0.0003913685727059001
max: 0.483321
min: 0.357722
