n: 100
mean: 0.21441633999999998
standard deviation: 0.0014430531329095288
variance: 2.0824023444000064e-06
max: 0.223201
min: 0.212862
