n: 100
mean: 0.24958731999999997
standard deviation: 0.0017829234020562978
variance: 3.1788158576000028e-06
max: 0.257475
min: 0.247776
