n: 100
mean: 0.30596128999999994
standard deviation: 0.001522643893331595
variance: 2.3184444258999977e-06
max: 0.31253
min: 0.303418
