n: 100
mean: 0.30547798
standard deviation: 0.0034775900706667524
variance: 1.2093632699599988e-05
max: 0.337688
min: 0.303353
