n: 100
mean: 0.37702709000000006
standard deviation: 0.020279178445437574
variance: 0.00041124507842189997
max: 0.46774
min: 0.368344
