n: 100
mean: 0.21490017000000003
standard deviation: 0.0014290133523169057
variance: 2.042079161100001e-06
max: 0.226164
min: 0.213033
