n: 100
mean: 0.21686916
standard deviation: 0.016322544002526078
variance: 0.0002664254427144
max: 0.295033
min: 0.20852
