n: 100
mean: 0.37023513999999996
standard deviation: 0.001339304132898871
variance: 1.793735560399997e-06
max: 0.378053
min: 0.3683
