n: 100
mean: 0.21459967
standard deviation: 0.001290072696052434
variance: 1.6642875610999958e-06
max: 0.222404
min: 0.213026
