n: 100
mean: 0.30614541
standard deviation: 0.002608016004916381
variance: 6.8017474819e-06
max: 0.325034
min: 0.303349
