n: 100
mean: 0.21042942000000003
standard deviation: 0.0012499332716589308
variance: 1.5623331835999984e-06
max: 0.218937
min: 0.208379
