n: 100
mean: 0.25246650000000004
standard deviation: 0.008042846612363059
variance: 6.468738162999994e-05
max: 0.305623
min: 0.248834
