n: 100
mean: 0.30564213
standard deviation: 0.001309213891272166
variance: 1.7140410131000065e-06
max: 0.31158
min: 0.303638
