n: 100
mean: 0.20990844999999997
standard deviation: 0.0010734776045637857
variance: 1.1523541675000034e-06
max: 0.215098
min: 0.20839
