n: 100
mean: 0.23487031999999997
standard deviation: 0.0011817426190165105
variance: 1.3965156176000016e-06
max: 0.242015
min: 0.233544
