n: 100
mean: 0.21429494
standard deviation: 0.0012363613292237837
variance: 1.5285893364000013e-06
max: 0.222356
min: 0.21273
