n: 100
mean: 0.34618394
standard deviation: 0.0010901247068111069
variance: 1.1883718764000017e-06
max: 0.354221
min: 0.344945
