n: 100
mean: 0.30542877999999996
standard deviation: 0.0015565823433406907
variance: 2.422948591599996e-06
max: 0.311706
min: 0.303318
