n: 100
mean: 0.30501902
standard deviation: 0.001315642261254934
variance: 1.730914559599996e-06
max: 0.31229
min: 0.303163
