n: 20
mean: 0.31935035
standard deviation: 0.02041292517811938
variance: 0.0004166875143275001
max: 0.362475
min: 0.303467
