n: 20
mean: 0.2166249
standard deviation: 0.002309031699652474
variance: 5.331627389999994e-06
max: 0.226292
min: 0.215316
