n: 20
mean: 0.32970245
standard deviation: 0.00222997166966309
variance: 4.97277364749999e-06
max: 0.338646
min: 0.32745
