n: 20
mean: 0.3046015
standard deviation: 0.001138404607334322
variance: 1.2959650500000115e-06
max: 0.307464
min: 0.303463
