n: 20
mean: 0.20995445000000004
standard deviation: 0.0009032885737680944
variance: 8.159302474999981e-07
max: 0.211915
min: 0.208644
