n: 20
mean: 0.22867110000000004
standard deviation: 0.019753180629711257
variance: 0.00039018814499
max: 0.263873
min: 0.213161
