n: 100
mean: 0.21058415999999996
standard deviation: 0.0014697123441000293
variance: 2.1600543744000026e-06
max: 0.217209
min: 0.208893
