n: 100
mean: 0.31093729
standard deviation: 0.0016963180261672644
variance: 2.877494845900004e-06
max: 0.321533
min: 0.309326
