n: 100
mean: 0.21481665000000003
standard deviation: 0.0026213593968588125
variance: 6.871525087499996e-06
max: 0.238587
min: 0.213211
