n: 100
mean: 0.30582792999999997
standard deviation: 0.0013888476968696014
variance: 1.9288979250999963e-06
max: 0.313513
min: 0.303675
