n: 100
mean: 0.3891369700000001
standard deviation: 0.001954628176687322
variance: 3.8205713091000036e-06
max: 0.401141
min: 0.387131
