n: 100
mean: 0.2629354
standard deviation: 0.0009841417987261798
variance: 9.685350800000008e-07
max: 0.267735
min: 0.261683
