n: 100
mean: 0.22151065000000003
standard deviation: 0.0020908505320801868
variance: 4.3716559475000006e-06
max: 0.238848
min: 0.21964
