n: 100
mean: 0.30499013
standard deviation: 0.0012129202088760817
variance: 1.4711754330999975e-06
max: 0.310222
min: 0.303251
