n: 100
mean: 0.20997288999999994
standard deviation: 0.0011850411123247987
variance: 1.4043224378999962e-06
max: 0.214637
min: 0.208491
