n: 100
mean: 0.3338262199999999
standard deviation: 0.001234358267116966
variance: 1.523640331599999e-06
max: 0.341564
min: 0.332041
