n: 100
mean: 0.30548109
standard deviation: 0.0016739808666469285
variance: 2.802211941900002e-06
max: 0.313111
min: 0.303323
