n: 100
mean: 0.21428686000000002
standard deviation: 0.001319808039223886
variance: 1.741893260399999e-06
max: 0.220954
min: 0.212801
