n: 100
mean: 0.30555648
standard deviation: 0.0023907611067607738
variance: 5.7157386696e-06
max: 0.322535
min: 0.30332
