n: 100
mean: 0.30520511999999994
standard deviation: 0.0019271071961881091
variance: 3.713742145599995e-06
max: 0.318409
min: 0.30323
