n: 100
mean: 0.21884188000000002
standard deviation: 0.0014896977094699456
variance: 2.2191992656000026e-06
max: 0.227421
min: 0.217175
