n: 100
mean: 0.21642967999999999
standard deviation: 0.013671611624003953
variance: 0.00018691296439760002
max: 0.260339
min: 0.208422
