n: 100
mean: 0.22104776
standard deviation: 0.015029966244885583
variance: 0.00022589988532240003
max: 0.304921
min: 0.21282
