n: 100
mean: 0.32685316999999997
standard deviation: 0.0017082241717936177
variance: 2.9180298210999913e-06
max: 0.336479
min: 0.325008
