n: 100
mean: 0.37597836
standard deviation: 0.0016534087971218712
variance: 2.733760650399993e-06
max: 0.385993
min: 0.373917
