n: 100
mean: 0.2523874
standard deviation: 0.0028199740353414596
variance: 7.952253559999997e-06
max: 0.277153
min: 0.250235
