n: 100
mean: 0.30587618
standard deviation: 0.0019686194725238295
variance: 3.875462627600001e-06
max: 0.315707
min: 0.303467
