n: 100
mean: 0.21476873000000002
standard deviation: 0.0016196728117431607
variance: 2.623340017099996e-06
max: 0.226206
min: 0.212945
