n: 100
mean: 0.3051089
standard deviation: 0.0014044409813160526
variance: 1.972454469999997e-06
max: 0.315034
min: 0.303314
