n: 100
mean: 0.21039024
standard deviation: 0.0011415494918749702
variance: 1.3031352424000024e-06
max: 0.216653
min: 0.208588
