n: 100
mean: 0.21403875
standard deviation: 0.0010811562641450123
variance: 1.1688988674999997e-06
max: 0.219167
min: 0.212815
