n: 100
mean: 0.31959836
standard deviation: 0.018538121239499973
variance: 0.0003436619390904
max: 0.406382
min: 0.309798
