n: 100
mean: 0.22787859000000002
standard deviation: 0.0031058764369980983
variance: 9.646468441900003e-06
max: 0.246692
min: 0.225876
