n: 100
mean: 0.30555842
standard deviation: 0.001441179379397305
variance: 2.0769980036000007e-06
max: 0.311543
min: 0.303411
