n: 100
mean: 0.34131588999999996
standard deviation: 0.01706713685472464
variance: 0.0002912871604179
max: 0.416503
min: 0.333886
