n: 100
mean: 0.21034393
standard deviation: 0.0028302031172868156
variance: 8.010049685100008e-06
max: 0.229666
min: 0.208282
