n: 100
mean: 0.24953946000000002
standard deviation: 0.0013410067890954186
variance: 1.7982992084000046e-06
max: 0.257035
min: 0.247388
