n: 100
mean: 0.21031217000000002
standard deviation: 0.001176447542859432
variance: 1.3840288210999955e-06
max: 0.216553
min: 0.208623
