n: 100
mean: 0.37284373000000004
standard deviation: 0.020210569816239723
variance: 0.00040846713229710017
max: 0.478943
min: 0.363814
