n: 100
mean: 0.30605332999999996
standard deviation: 0.001784235539691999
variance: 3.1834964610999993e-06
max: 0.320924
min: 0.303714
