n: 100
mean: 0.21475249999999996
standard deviation: 0.001182875644351509
variance: 1.3991947899999973e-06
max: 0.223547
min: 0.213509
