n: 100
mean: 0.30589751
standard deviation: 0.0018950954988865355
variance: 3.591386949900007e-06
max: 0.319296
min: 0.303752
