n: 100
mean: 0.304929
standard deviation: 0.0013022844850492526
variance: 1.6959448799999971e-06
max: 0.312981
min: 0.303384
