n: 100
mean: 0.23935283
standard deviation: 0.0014156711910256576
variance: 2.0041249211000038e-06
max: 0.245816
min: 0.237707
