n: 100
mean: 0.21019383999999997
standard deviation: 0.0011252635577499173
variance: 1.2662180744000013e-06
max: 0.217227
min: 0.208627
