n: 100
mean: 0.34954380000000007
standard deviation: 0.001726892445984983
variance: 2.9821575199999975e-06
max: 0.358466
min: 0.347053
