n: 100
mean: 0.3053423
standard deviation: 0.0016539689023678786
variance: 2.735613130000005e-06
max: 0.314849
min: 0.303322
