n: 100
mean: 0.21419226
standard deviation: 0.001052300333745077
variance: 1.1073359924000006e-06
max: 0.220343
min: 0.212868
