n: 100
mean: 0.20958723
standard deviation: 0.0011817076952867827
variance: 1.3964330770999996e-06
max: 0.216163
min: 0.208435
