n: 100
mean: 0.3052691
standard deviation: 0.001260869854505217
variance: 1.5897927900000069e-06
max: 0.312201
min: 0.303273
