n: 100
mean: 0.23752738
standard deviation: 0.0012023806866379722
variance: 1.4457193156000018e-06
max: 0.243103
min: 0.23589
