n: 100
mean: 0.21482303999999997
standard deviation: 0.004617741889538649
variance: 2.1323540158399975e-05
max: 0.259393
min: 0.212835
