n: 100
mean: 0.3493309
standard deviation: 0.0017098705418832117
variance: 2.9236572699999884e-06
max: 0.35661
min: 0.347321
