n: 100
mean: 0.30552294999999996
standard deviation: 0.001328967496780866
variance: 1.7661546075000011e-06
max: 0.311612
min: 0.303175
