n: 20
mean: 0.22761455000000003
standard deviation: 0.0040603814780756755
variance: 1.6486697747500004e-05
max: 0.240661
min: 0.222615
