n: 20
mean: 0.30266429999999994
standard deviation: 0.007289156543112509
variance: 5.313180310999989e-05
max: 0.31286
min: 0.288907
