n: 20
mean: 0.22893715
standard deviation: 0.004119694203153917
variance: 1.6971880327499988e-05
max: 0.236492
min: 0.222369
