n: 20
mean: 0.35818239999999996
standard deviation: 0.008083014761832374
variance: 6.533512764000009e-05
max: 0.383784
min: 0.342084
