n: 20
mean: 0.33076730000000004
standard deviation: 0.04722895985737989
variance: 0.002230574649210001
max: 0.498423
min: 0.295417
