n: 20
mean: 0.35393930000000007
standard deviation: 0.005601395666260333
variance: 3.137563341000004e-05
max: 0.366774
min: 0.342211
