n: 100
mean: 0.2357002
standard deviation: 0.0017067904206433785
variance: 2.913133540000001e-06
max: 0.244834
min: 0.233581
