n: 100
mean: 0.22145525
standard deviation: 0.015164118700653198
variance: 0.00022995049596750004
max: 0.2932
min: 0.212836
