n: 100
mean: 0.30610508
standard deviation: 0.0021733702615063084
variance: 4.7235382936e-06
max: 0.313536
min: 0.303306
