n: 100
mean: 0.21097730000000003
standard deviation: 0.0023597655667459833
variance: 5.5684935299999925e-06
max: 0.22293
min: 0.208774
