n: 100
mean: 0.30624512
standard deviation: 0.004814686509587098
variance: 2.318120618559999e-05
max: 0.349116
min: 0.303512
