n: 100
mean: 0.3440702300000001
standard deviation: 0.0016264996209959606
variance: 2.6455010171000034e-06
max: 0.354713
min: 0.342492
