n: 100
mean: 0.20990421
standard deviation: 0.0019190669988043674
variance: 3.6828181459000024e-06
max: 0.224302
min: 0.20842
