n: 100
mean: 0.37606459000000003
standard deviation: 0.01995441281977247
variance: 0.00039817859098189993
max: 0.489379
min: 0.367137
