n: 100
mean: 0.25104601000000004
standard deviation: 0.001060101414912743
variance: 1.1238150098999997e-06
max: 0.255905
min: 0.24985
