n: 100
mean: 0.30512849
standard deviation: 0.0012329378207760486
variance: 1.520135669899992e-06
max: 0.311835
min: 0.303328
