n: 100
mean: 0.21471867
standard deviation: 0.0016705430976481882
variance: 2.790714241100004e-06
max: 0.226031
min: 0.212851
