n: 100
mean: 0.30495938
standard deviation: 0.0013781660333936532
variance: 1.8993416155999963e-06
max: 0.310493
min: 0.303293
