n: 20
mean: 0.30509975
standard deviation: 0.002326920537427094
variance: 5.414559187499994e-06
max: 0.312386
min: 0.303391
