n: 20
mean: 0.20971939999999994
standard deviation: 0.0016997078984343139
variance: 2.8890069399999915e-06
max: 0.215438
min: 0.208476
