n: 20
mean: 0.2142703
standard deviation: 0.0015605976130957004
variance: 2.4354649099999972e-06
max: 0.219856
min: 0.213072
