n: 20
mean: 0.3065314
standard deviation: 0.00377471298776476
variance: 1.4248458139999961e-05
max: 0.316088
min: 0.30373
