n: 20
mean: 0.214381
standard deviation: 0.0013280713836236377
variance: 1.7637736000000037e-06
max: 0.218315
min: 0.213212
