n: 20
mean: 0.32626795
standard deviation: 0.0014479944915295785
variance: 2.096688047500003e-06
max: 0.331905
min: 0.325214
