n: 100
mean: 0.22636951000000002
standard deviation: 0.0009140245236863174
variance: 8.354408298999996e-07
max: 0.23157
min: 0.225444
