n: 100
mean: 0.30540636
standard deviation: 0.0014452541335004043
variance: 2.088759510400004e-06
max: 0.312136
min: 0.303332
