n: 100
mean: 0.33867920999999995
standard deviation: 0.0011427580784663012
variance: 1.3058960258999932e-06
max: 0.346219
min: 0.337725
