n: 100
mean: 0.21034086999999993
standard deviation: 0.001218325454507128
variance: 1.4843169131e-06
max: 0.215818
min: 0.208589
