n: 100
mean: 0.30511334
standard deviation: 0.0012964711120576526
variance: 1.6808373444000067e-06
max: 0.311317
min: 0.303084
