n: 100
mean: 0.21429373
standard deviation: 0.0010710682317667725
variance: 1.1471871571000006e-06
max: 0.220717
min: 0.2128
