n: 100
mean: 0.23626809000000001
standard deviation: 0.004541239280405734
variance: 2.0622854201899993e-05
max: 0.260971
min: 0.233661
