n: 100
mean: 0.3518421699999999
standard deviation: 0.019196006431575815
variance: 0.0003684866629211001
max: 0.438055
min: 0.34215
