n: 100
mean: 0.21047153999999998
standard deviation: 0.0029625689069454576
variance: 8.776814528400003e-06
max: 0.231628
min: 0.208387
