n: 100
mean: 0.30635843
standard deviation: 0.0036583394409349193
variance: 1.3383447465100016e-05
max: 0.329324
min: 0.303374
