n: 100
mean: 0.30566195999999995
standard deviation: 0.003961144135019578
variance: 1.5690662858400002e-05
max: 0.3367
min: 0.303183
