n: 100
mean: 0.21456187000000004
standard deviation: 0.0012544872391140529
variance: 1.573738233099999e-06
max: 0.222663
min: 0.212979
