n: 100
mean: 0.35005059000000005
standard deviation: 0.0018537953236266393
variance: 3.4365571018999958e-06
max: 0.361642
min: 0.348353
