n: 100
mean: 0.21020042
standard deviation: 0.002274058663183515
variance: 5.171342803599994e-06
max: 0.226508
min: 0.20842
