n: 100
mean: 0.23518764999999994
standard deviation: 0.0020089997629417484
variance: 4.036080047500001e-06
max: 0.247387
min: 0.232869
