n: 100
mean: 0.31245821999999995
standard deviation: 0.016685119223775417
variance: 0.0002783932035116
max: 0.376984
min: 0.303342
