n: 100
mean: 0.21454384
standard deviation: 0.0010029309021064216
variance: 1.0058703944000009e-06
max: 0.219769
min: 0.213271
