n: 100
mean: 0.30683035000000003
standard deviation: 0.005951970837252143
variance: 3.5425956847499976e-05
max: 0.33263
min: 0.303185
