n: 100
mean: 0.35199104999999997
standard deviation: 0.0013757949293045067
variance: 1.8928116874999924e-06
max: 0.357023
min: 0.350407
