n: 100
mean: 0.21450263999999997
standard deviation: 0.0017824488072312205
variance: 3.1771237504000007e-06
max: 0.228333
min: 0.212736
