n: 100
mean: 0.20976918000000006
standard deviation: 0.0012691662411205243
variance: 1.6107829476000008e-06
max: 0.215382
min: 0.208358
