n: 100
mean: 0.24254659
standard deviation: 0.0012900167215582918
variance: 1.6641431419000034e-06
max: 0.250232
min: 0.241469
