n: 100
mean: 0.30500076000000004
standard deviation: 0.0013643807615178406
variance: 1.8615348624000028e-06
max: 0.311068
min: 0.303167
