n: 100
mean: 0.30567943000000003
standard deviation: 0.0016700481684969477
variance: 2.789060885100009e-06
max: 0.313892
min: 0.3033
