n: 100
mean: 0.21074344999999994
standard deviation: 0.0013218056996018724
variance: 1.7471703074999957e-06
max: 0.217409
min: 0.209256
