n: 100
mean: 0.22122830000000004
standard deviation: 0.01645723246144381
variance: 0.00027084050028999986
max: 0.31481
min: 0.212752
