n: 100
mean: 0.23953857999999997
standard deviation: 0.0014253643406511895
variance: 2.0316635036e-06
max: 0.247289
min: 0.237708
