n: 100
mean: 0.34928065999999997
standard deviation: 0.0017432978243547494
variance: 3.0390873044000024e-06
max: 0.360068
min: 0.347509
