n: 100
mean: 0.30528669999999997
standard deviation: 0.001595215142230038
variance: 2.5447113500000003e-06
max: 0.311375
min: 0.303138
