n: 100
mean: 0.30831189999999997
standard deviation: 0.013866118614450116
variance: 0.00019226924543
max: 0.379689
min: 0.303428
