n: 100
mean: 0.30854324
standard deviation: 0.01637964425139936
variance: 0.00026829274580240003
max: 0.411337
min: 0.303254
