n: 100
mean: 0.21025048999999996
standard deviation: 0.0013858840824181513
variance: 1.920674689900001e-06
max: 0.216868
min: 0.20854
