n: 100
mean: 0.24216010999999996
standard deviation: 0.002388846763168367
variance: 5.706588857899985e-06
max: 0.256808
min: 0.239878
