n: 100
mean: 0.30501302
standard deviation: 0.0013812419699676085
variance: 1.9078293795999997e-06
max: 0.31344
min: 0.30328
