n: 100
mean: 0.35382642000000003
standard deviation: 0.014887830497543959
variance: 0.00022164749692359998
max: 0.424266
min: 0.348214
