n: 100
mean: 0.21415309000000002
standard deviation: 0.0009891731000689406
variance: 9.784634218999984e-07
max: 0.221056
min: 0.212726
