n: 100
mean: 0.30534305
standard deviation: 0.001563346547474361
variance: 2.4440524275000043e-06
max: 0.313215
min: 0.303266
