n: 100
mean: 0.21475540999999995
standard deviation: 0.0013072025481538812
variance: 1.7087785019000001e-06
max: 0.218985
min: 0.212975
