n: 100
mean: 0.35369312999999997
standard deviation: 0.0013044825844372155
variance: 1.701674813099997e-06
max: 0.361471
min: 0.351775
