n: 100
mean: 0.30491888
standard deviation: 0.0014123016128292142
variance: 1.9945958455999996e-06
max: 0.310057
min: 0.303184
