n: 100
mean: 0.24223335000000001
standard deviation: 0.001276029790992356
variance: 1.6282520274999954e-06
max: 0.249435
min: 0.240657
