n: 100
mean: 0.21005001
standard deviation: 0.0010781723377549612
variance: 1.162455589899998e-06
max: 0.216448
min: 0.20841
