n: 100
mean: 0.37570823
standard deviation: 0.001960217170902246
variance: 3.842451357100006e-06
max: 0.385622
min: 0.373624
