n: 100
mean: 0.21105128999999997
standard deviation: 0.00442469894183774
variance: 1.9577960725900018e-05
max: 0.239959
min: 0.208556
