n: 100
mean: 0.21527991
standard deviation: 0.0033059534845336232
variance: 1.0929328441900005e-05
max: 0.233958
min: 0.212998
