n: 100
mean: 0.30700320999999997
standard deviation: 0.006921054502451202
variance: 4.790099542590005e-05
max: 0.342492
min: 0.303356
