n: 100
mean: 0.30534077000000004
standard deviation: 0.0012816712905811677
variance: 1.6426812970999962e-06
max: 0.310789
min: 0.303356
