n: 100
mean: 0.25983209999999995
standard deviation: 0.006016417896888481
variance: 3.619728431000001e-05
max: 0.296305
min: 0.256636
