n: 100
mean: 0.21429475999999997
standard deviation: 0.001339866934587162
variance: 1.7952434023999983e-06
max: 0.220468
min: 0.212979
