n: 100
mean: 0.4000385399999999
standard deviation: 0.023188507448915294
variance: 0.0005377068777084001
max: 0.525846
min: 0.390353
