n: 100
mean: 0.21009758000000006
standard deviation: 0.002323318416317488
variance: 5.397808463599999e-06
max: 0.228912
min: 0.20843
