n: 100
mean: 0.30546796000000004
standard deviation: 0.0011798272239612034
variance: 1.3919922783999996e-06
max: 0.310512
min: 0.303468
