n: 100
mean: 0.27652627
standard deviation: 0.01525632615727325
variance: 0.0002327554878171
max: 0.327682
min: 0.268341
