n: 100
mean: 0.30501953
standard deviation: 0.0011376903573028995
variance: 1.2943393490999992e-06
max: 0.310816
min: 0.303261
