n: 20
mean: 0.29612015
standard deviation: 0.012286038825736305
variance: 0.00015094675002749993
max: 0.339358
min: 0.276071
