n: 20
mean: 0.36196315
standard deviation: 0.004973838379712391
variance: 2.473906822749999e-05
max: 0.376117
min: 0.355105
