n: 20
mean: 0.21860754999999998
standard deviation: 0.007047553238358689
variance: 4.9668006647500055e-05
max: 0.237826
min: 0.204475
