n: 20
mean: 0.22078754999999997
standard deviation: 0.005910030833041394
variance: 3.492846444749995e-05
max: 0.229063
min: 0.21115
