n: 20
mean: 0.2596291
standard deviation: 0.0068333138220046654
variance: 4.669417779000001e-05
max: 0.273765
min: 0.247863
