n: 20
mean: 0.29863935
standard deviation: 0.007654083813723227
variance: 5.85849990274999e-05
max: 0.323837
min: 0.289992
