n: 100
mean: 0.21054189999999995
standard deviation: 0.0016887986884173013
variance: 2.852041009999997e-06
max: 0.223883
min: 0.208713
