n: 100
mean: 0.30556168000000006
standard deviation: 0.0033689349856594135
variance: 1.1349722937599993e-05
max: 0.335495
min: 0.303228
