n: 100
mean: 0.22104426
standard deviation: 0.016014079409457167
variance: 0.0002564507393324
max: 0.308056
min: 0.212801
