n: 100
mean: 0.26344525999999996
standard deviation: 0.017110931532572968
variance: 0.0002927839779123999
max: 0.330653
min: 0.254803
