n: 100
mean: 0.30599683999999994
standard deviation: 0.0011508454172476882
variance: 1.3244451744000053e-06
max: 0.311711
min: 0.303963
