n: 100
mean: 0.37546219000000003
standard deviation: 0.005092935736282169
variance: 2.5937994413899995e-05
max: 0.405713
min: 0.372372
