n: 100
mean: 0.21052717
standard deviation: 0.001320570445337924
variance: 1.743906301100003e-06
max: 0.219337
min: 0.208759
