n: 100
mean: 0.38868911999999994
standard deviation: 0.03941706314739341
variance: 0.0015537048671656
max: 0.780555
min: 0.382741
