n: 100
mean: 0.30547342
standard deviation: 0.0011184945433930357
variance: 1.2510300435999954e-06
max: 0.311056
min: 0.303304
