n: 100
mean: 0.25411623
standard deviation: 0.0029811874240141326
variance: 8.88747845710002e-06
max: 0.274977
min: 0.252069
