n: 100
mean: 0.21639594999999998
standard deviation: 0.0032237724776261727
variance: 1.0392708987499992e-05
max: 0.241391
min: 0.21442
