n: 100
mean: 0.30633347
standard deviation: 0.0034421263761082316
variance: 1.1848233989099986e-05
max: 0.331304
min: 0.303737
