n: 100
mean: 0.21436663
standard deviation: 0.0008418593665809025
variance: 7.087271930999983e-07
max: 0.217884
min: 0.212827
