n: 100
mean: 0.3566859399999999
standard deviation: 0.0015868188165004842
variance: 2.5179939563999973e-06
max: 0.363193
min: 0.353968
