n: 100
mean: 0.30501593000000005
standard deviation: 0.001213897147661204
variance: 1.473546285100007e-06
max: 0.310275
min: 0.303423
