n: 100
mean: 0.2429717
standard deviation: 0.001071409310207821
variance: 1.147917909999999e-06
max: 0.248356
min: 0.241747
