n: 100
mean: 0.21023906
standard deviation: 0.0010137054682697523
variance: 1.027598776399998e-06
max: 0.215693
min: 0.208641
