n: 100
mean: 0.3059709
standard deviation: 0.0072470018566300936
variance: 5.251903591000003e-05
max: 0.376985
min: 0.303269
