n: 100
mean: 0.3973145999999999
standard deviation: 0.002117425431981017
variance: 4.483490459999996e-06
max: 0.40796
min: 0.395291
