n: 100
mean: 0.27123643
standard deviation: 0.0022509555804368932
variance: 5.066801025099991e-06
max: 0.284784
min: 0.269597
