n: 100
mean: 0.22138521000000008
standard deviation: 0.01600880674709705
variance: 0.0002562818934659001
max: 0.313742
min: 0.212893
