n: 100
mean: 0.30548669000000006
standard deviation: 0.002708044972650934
variance: 7.333507573899997e-06
max: 0.322811
min: 0.303399
