n: 100
mean: 0.30482246
standard deviation: 0.0011670551008414313
variance: 1.3620176084000034e-06
max: 0.310852
min: 0.303352
