n: 100
mean: 0.21070427000000003
standard deviation: 0.0018248370385050843
variance: 3.3300302171000068e-06
max: 0.222866
min: 0.208625
