n: 100
mean: 0.21688026000000005
standard deviation: 0.0010601695583254596
variance: 1.1239594924e-06
max: 0.221269
min: 0.215294
