n: 100
mean: 0.21433225
standard deviation: 0.0011293737235742653
variance: 1.2754850075000008e-06
max: 0.220809
min: 0.212831
