n: 100
mean: 0.30470057000000006
standard deviation: 0.0012732955921937383
variance: 1.6212816651000027e-06
max: 0.311039
min: 0.303078
