n: 100
mean: 0.21014227999999996
standard deviation: 0.0010779016381841152
variance: 1.1618719415999992e-06
max: 0.213972
min: 0.208376
