n: 100
mean: 0.30528156
standard deviation: 0.001425657590868158
variance: 2.0324995664000002e-06
max: 0.311015
min: 0.303235
