n: 100
mean: 0.32926174
standard deviation: 0.001108680762167362
variance: 1.2291730324000024e-06
max: 0.333891
min: 0.327288
